54687010000176
54687767000160
54687950000165
54689016000182
54691635000101
54691674000109
54693017000109
54694247000184
54694430000180
54697029000101
54697153000169
54698878000171
54700731000179
54703893000160
54706035000170
54709851000137
54710213000136
54713068000147
54713939000122
54714197000150
54715212000184
54715342000117
54721375000170
54728553000194
54732395000146
54733378000123
54735943000191
54736911000100
54737084000170
54737263000107
54737584000101
54739616000108
54740045000121
54740855000188
54741565000159
54741795000118
54744247000141
54747185000121
54752277000108
54752661000100
54754328000122
54754748000109
54758333000103
54761628000139
54763387000167
54763410000113
54764822000178
54768190000110
54776511000129
54776983000181
54783602000191
54783694000100
54784692000135
54786018000190
54790219000160
54790525000105
54792193000190
54792377000150
54792576000168
54792704000173
54806694000188
54808125000171
54808923000101
54810002000175
54810101000157
54824311000102
54824631000154
54837335000198
54839690000104
54842389000141
54843738000140
54848873000188
54851329000195
54851677000162
54852205000124
54853670000180
54853758000100
54853850000161
54854403000127
54855446000127
54862210000118
54863994000107
54864422000134
54867057000111
54867579000113
54867961000127
54869047000115
54869247000178
54873056000180
54873503000109
54888469000138
54889998000156
54891364000138
54892648000149
54895267000113
54899209000168
54901477000177
54902320000166
54908560000178
54910396000133
54910917000152
54911426000126
54921930000107
54922132000108
54922360000170
54924035000146
54935146000158
54936393000179
54937551000105
54941209000189
54943756000101
54945770000136
54946292000189
54948201000144
54950216000147
54950791000140
54951552000104
54953246000107
54966854000156
54972870000151
54972995000181
54974543000139
54975298000184
54975369000149
54976104000165
54979701000143
54982968000190
54983362000179
54984019000149
54984202000144
54984223000160
54985426000170
54986132000163
54986451000179
54986457000146
54987304000113
54989810000141
54990010000140
54991508000128
54991884000112
54992034000139
54992551000108
54992971000194
54993229000101
54995622000126
54995695000118
55006841000106
55010069000198
55010195000142
55015557000198
55016198000193
55017476000127
55018194000144
55018583000170
55019818000148
55020146000190
55020288000158
55021132000191
55022757000178
55023346000105
55027845000162
55032633000173
55032857000185
55038598000108
55042939000100
55044420000161
55049737000190
55055599000152
55056581000175
55060267000166
55062294000178
55063033000172
55067098000196
55068719000156
55068849000199
55070203000146
55071018000176
55076526000147
55077207000156
55081003000199
55081298000101
55085215000144
55087939000127
55088267000174
55098030000174
55101538000184
55115644000117
55116439000176
55121052000108
55121689000102
55122784000112
55135455000106
55138956000146
55141206000123
55144647000189
55146810000142
55147384000161
55147473000108
55148808000102
55150033000100
55151206000104
55157678000174
55158519000194
55159126000103
55159372000157
55165284000168
55166692000134
55173964000123
55174681000104
55175660000103
55176993000149
55178997000166
55183266000109
55186206000140
55187336000105
55187500000176
55188211000191
55190691000125
55191339000104
55191339000295
55193077000117
55194992000127
55196997000199
55197151000173
55199684000194
55199885000191
55204339000100
55204471000103
55206008000109
55208262000138
55208682000114
55213894000190
55216293000130
55216679000142
55216821000151
55217983000104
55220585000147
55221729000180
55227187000152
55227720000186
55229483000192
55233067000168
55235888000133
55236172000150
55238784000182
55244342000149
55244409000145
55244928000103
55245338000103
55249326000149
55254481000153
55254854000196
55254903000190
55256035000188
55256552000157
55258615000104
55263890000116
55266022000190
55268873000171
55269924000180
55270125000123
55270620000132
55271053000139
55271657000185
55273994000101
55276048000119
55276048000208
55279377000113
55286122000188
55287490000140
55288991000141
55289189000176
55290581000135
55292280000140
55292828000152
55298423000121
55303340000183
55303615000189
55303828000100
55306747000164
55311945000116
55314081000196
55315767000100
55318909000184
55322058000143
55322193000199
55323450000107
55327379000130
55330756000190
55333079000164
55346112000190
55351601000130
55358420000136
55359500000106
55360211000127
55360428000137
55366218000156
55376290000164
55376652000117
55377841000104
55391680000103
55393135000156
55394491000194
55395284000154
55396034000139
55396080000138
55398866000194
55398973000112
55402583000179
55405065000109
55407478001013
55407478001102
55407478001285
55411034000160
55411655000144
55412418000106
55431343000100
55433729000143
55440502000125
55440818000117
55441235000100
55443186000145
55444047000136
55445094000102
55445515000197
55456007000104
55456392000190
55456691000124
55456711000167
55458593000126
55460228000156
55461295000195
55463086000180
55463539000179
55463953000188
55468077000182
55470828000103
55471887000198
55474699000113
55481157000178
55481450000135
55485088000170
55495839000130
55496253000190
55500056000105
55500164000170
55500825000167
55502102000105
55504365000145
55505193000124
55507517000163
55509266000156
55513280000123
55514306000158
55518117000153
55520099000144
55520708000165
55523469000105
55527440000193
55531079000179
55531151000168
55532534000150
55532792000137
55536124000188
55536200000155
55537892000156
55537999000102
55538493000100
55548925000163
55552427000194
55560393000180
55561256000160
55562092000195
55566530000193
55566937000110
55568433000130
55571488000107
55571490000178
55573848000100
55575015000170
55575933000107
55576852000113
55578763000106
55580485000121
55581465000175
55585842000144
55586738000174
55587222000144
55589270000171
55590974000164
55592313000178
55595521000120
55596410000139
55598048000135
55598300000106
55600644000102
55605648000183
55606344000130
55606618000191
55607486000112
55609455000109
55612069000168
55614088000123
55614616000144
55618063000106
55626979000108
55627403000157
55627705000125
55629113000142
55629578000101
55631210000170
55645259000181
55646828000103
55646833000116
55648500000126
55650633000137
55651641000106
55654092000115
55657611000107
55658246000147
55664929000107
55666006000194
55667945000153
55670084000162
55671198000127
55671864000127
55673298000192
55673897000106
55675869000128
55678952000150
55680571000106
55680793000129
55680829000174
55683608000150
55687480000100
55688023000122
55688161000101
55693684000146
55693932000159
55694215000141
55694215000222
55695218000108
55695463000107
55695729000111
55698749000146
55699397000143
55700730000197
55701319000136
55707835000178
55710089000171
55712326000133
55712336000179
55712580000131
55714508000143
55716182000193
55716441000186
55717016000101
55718819000180
55719055000148
55723445000191
55724162000164
55724189000157
55727327000151
55727759000162
55727774000100
55729371000109
55729411000104
55729458000178
55738771000172
55741229000179
55741675000183
55742899000100
55749595000174
55750198000112
55750695000110
55753578002316
55757468000117
55759913000188
55759942000140
55760427000180
55761599000178
55769470000106
55769737000165
55771723000186
55773814000150
55775929000184
55776507000123
55780420000120
55780648000110
55786943000183
55788306000146
55788306000227
55788432000109
55790185000177
55790594000173
55791005000171
55794437000136
55796662000101
55797308000100
55797999000133
55798513000181
55801770000125
55802823000122
55804566000168
55808583000173
55808719000145
55812701000117
55813118000120
55815256000149
55815563000120
55816138000155
55817130000103
55818139000139
55820343000194
55820514000185
55834235000170
55835092000111
55835681000108
55836272000118
55838946000113
55840301000115
55842020000100
55843398000110
55843728000177
55845504000102
55851004000175
55855493000133
55856718000176
55858848000148
55861175000185
55862133000169
55862240000197
55865512000102
55867137000130
55867231000199
55878062000192
55889500000118
55893163000132
55901975000182
55906421000178
55907031000112
55907434000161
55907549000156
55909190000156
55909368000169
55909652000135
55914994000143
55925355000183
55927113000129
55927442000170
55927581000101
55943407000144
55944065000187
55947928000170
55948697000119
55950702000128
55954885000150
55957107000114
55967758000195
55973898000176
55975806000197
55981739000113
55982657000193
55984020000136
55986543000111
55986672000100
55988069000167
55989864000170
55991825000107
55991941000126
55993405000160
55993522000123
55993979000138
55999039000156
55999136000149
56007650000113
56013801000146
56017946000115
56018814000108
56018834000189
56018909000121
56019339000194
56020775000183
56025504000110
56031706000175
56033027000135
56033999000120
56046132000109
56049089000135
56057091000156
56058931000103
56064501000196
56067318000144
56069536000118
56071827000140
56077821000180
56079017000130
56079118000101
56081373000199
56086260000186
56088946000106
56090503000150
56097472000169
56099168000150
56102744000171
56104146000131
56105160000150
56106671000196
56106699000123
56106848000154
56107954000152
56108417000127
56108437000106
56121075000185
56121547000108
56136610000171
56136878000103
56140723000140
56146650000102
56148341000163
56151155000183
56157580000180
56157901000146
56158712000198
56159606000129
56159653000172
56159911000110
56160680000165
56169502000103
56170296000143
56170828000142
56171541000137
56173998000180
56176436000190
56186439000105
56187228000197
56190642000155
56193078000124
56193495000177
56193919000101
56195892000188
56197839000116
56203512000100
56209964000107
56211759000178
56211759000259
56212864000121
56222894000119
56225702000128
56227528000152
56237499000100
56239827000107
56252637000120
56258135000106
56260940000174
56263201000136
56263832000155
56266272000192
56285580000165
56300290000143
56304117000113
56305621000138
56320376000138
56320947000134
56321105000105
56322867000118
56323226000188
56347212000102
56347882000110
56366789000153
56377936000190
56378310000107
56383471000180
56383964000110
56384086000158
56384469000126
56386473000123
56388299000158
56390509000142
56414256000108
56419403000124
56421687000193
56423680000100
56424600000131
56425615000114
56425927000128
56426326000130
56426418000110
56426756000151
56428088000100
56429466000161
56429817000134
56429915000171
56431441000100
56433151000198
56441212000169
56441731000127
56442685000180
56444655000103
56480416000109
56524938000165
56525522000161
56605262000134
56606788000139
56606993000102
56635219000111
56684205000198
56684258000109
56685545000133
56686946000108
56688806000179
56688992000146
56689542000178
56691129000148
56704044000157
56704556000113
56704741000108
56705772000183
56706032000161
56706334000130
56723145000175
56745717000117
56776345000196
56776397000162
56779363000121
56872907000103
56873716000158
56878905000113
56884663000170
56885093000133
56886303000108
56886312000107
56886368000153
56901485000149
56902258000138
56902691000173
56904688000199
56904922000188
56905069000119
56905206000115
56921013000158
56923616000199
56923932000160
56924002000121
56924240000137
56930106000149
56933309000199
56933821000135
56940834000131
56941410000191
56941437000184
56944736000172
56947841000165
56949213000119
56949895000160
56951615000158
56952779000108
56954331000115
56955485000121
56961244000195
56970820000160
56974812000192
56979866000140
56980346000158
56981857000194
56982942000177
56984948000183
56985431000109
56988426000150
56988809000128
56993342000104
56997375000122
57008599000127
57011430000126
57013704000116
57018090000165
57018307000137
57018369000149
57018462000153
57018502000167
57018536000151
57025523000100
57027687000176
57028935000365
57031472000129
57035554000141
57036198000180
57041482000145
57041669000149
57042963000175
57043003000120
57047812000100
57053203000163
57053775000142
57057029000127
57057779000107
57060533000186
57060763000145
57062397000163
57082914000166
57085886000130
57108001000171
57108625000199
57110680000113
57113053000640
57117980000124
57118059000104
57118092000126
57122104000196
57123129000104
57127685000159
57129299000104
57132873000175
57141420000105
57142503000119
57143467000108
57144315000120
57149323000169
57150664000154
57158057001617
57163517000119
57165010000102
57165317000103
57166486000150
57166544000145
57168757000106
57169346000135
57169934000179
57170374000172
57173173000129
57173872000179
57174639000100
57175466000145
57179554000115
57181949000152
57184908000110
57185887000157
57186670000161
57188655000314
57191497000190
57191513000144
57201268000109
57206420000146
57207278000151
57208116000138
57210526000113
57211894000186
57212742000106
57212824000142
57213307000198
57213755000191
57213891000181
57217301000199
57219085000110
57219221000172
57219221000253
57221813000129
57222629000101
57226028000169
57227206000176
57228661000196
57230379000143
57234689000136
57235719000129
57237995000126
57239117000140
57239301000190
57239525000100
57241348000198
57243879000110
57243914000109
57245231000182
57246648000160
57250502000198
57251503000157
57251532000119
57255916000100
57259201000125
57259212000105
57264461000199
57265256000148
57267383000186
57268561000193
57274142000164
57276258000132
57276464000142
57277101000121
57281483000167
57282441000140
57282481000192
57283846000101
57284021000101
57284684000118
57296020000179
57302613000109
57303481000121
57303618000148
57304589000139
57308968000105
57310699000103
57314986000191
57315736000176
57317133000456
57319194000100
57322203000111
57335016000172
57335065000105
57339380000100
57340206000188
57340479000122
57345815000120
57348924000109
57349880000123
57350433000194
57352760000185
57358775000150
57359529000113
57369881000130
57370117000184
57373654000188
57374272000179
57374559000107
57374701000108
57376096000104
57376388000147
57376698000161
57377054000198
57377399000141
57383263000144
57387239000264
57388567000102
57389206000172
57391816000100
57398039000126
57398623000181
57398979000115
57399730000124
57400278000173
57401172000194
57401635000118
57403252000189
57405640000107
57406025000107
57407831000108
57409814000100
57410361000123
57423558000105
57424390000144
57424518000170
57425275000194
57425470000114
57432449000146
57434620000156
57435411000127
57437075000151
57437326000106
57445265000110
57445519000109
57450589000147
57451519000103
57451919000119
57452800000160
57456951000197
57460633000108
57462887000157
57467290000103
57467392000110
57468617000153
57470133000149
57490057000133
57490483000177
57491736000127
57493794000190
57494231000116
57495069000150
57495337000134
57496418000159
57510421000180
57524426000161
57568515000100
57579414000134
57632980000162
57647900000142
57656710000191
57658586000101
57659299000108
57680174000160
57683614000132
57689277000190
57713707000162
57732061000160
57736014000195
57742953000142
57784469000186
57791392000171
57802850000120
57813861000106
57818917000115
57822780000172
57884243000157
57885413000118
57933832000188
57963109000141
57983533000158
57999469000101
58001226000197
58012146000137
58077255000132
58078152000197
58093065000109
58248305000105
58258163000159
58258916000207
58284004000129
58287331000134
58322358000110
58326385000161
58327059000179
58332045000143
58365130000108
58369599000115
58387110000138
58387581000146
58393114000129
58394368000161
58409963000123
58412766000163
58418735000110
58419055000110
58421782000112
58655453000136
58670784000145
58674791000115
58750023000101
58772224000100
58815928000104
58864625000181
58875644000103
58888916000100
58943944000182
58999745000196
